{
  "instance_id": "E-n13-k4",
  "set_id": "E",
  "type": "CVRP",
  "dimension": 13,
  "vehicle_capacity": 6000,
  "vehicle_count_hint": 4,
  "depot": {
    "id": 1,
    "x": null,
    "y": null,
    "demand": 0
  },
  "customers": [
    {
      "id": 2,
      "x": null,
      "y": null,
      "demand": 1200
    },
    {
      "id": 3,
      "x": null,
      "y": null,
      "demand": 1700
    },
    {
      "id": 4,
      "x": null,
      "y": null,
      "demand": 1500
    },
    {
      "id": 5,
      "x": null,
      "y": null,
      "demand": 1400
    },
    {
      "id": 6,
      "x": null,
      "y": null,
      "demand": 1700
    },
    {
      "id": 7,
      "x": null,
      "y": null,
      "demand": 1400
    },
    {
      "id": 8,
      "x": null,
      "y": null,
      "demand": 1200
    },
    {
      "id": 9,
      "x": null,
      "y": null,
      "demand": 1900
    },
    {
      "id": 10,
      "x": null,
      "y": null,
      "demand": 1800
    },
    {
      "id": 11,
      "x": null,
      "y": null,
      "demand": 1600
    },
    {
      "id": 12,
      "x": null,
      "y": null,
      "demand": 1700
    },
    {
      "id": 13,
      "x": null,
      "y": null,
      "demand": 1100
    }
  ],
  "node_id_order": [
    1,
    2,
    3,
    4,
    5,
    6,
    7,
    8,
    9,
    10,
    11,
    12,
    13
  ],
  "distance_matrix": [
    [
      0,
      9,
      14,
      23,
      32,
      50,
      21,
      49,
      30,
      27,
      35,
      28,
      18
    ],
    [
      9,
      0,
      21,
      22,
      36,
      52,
      24,
      51,
      36,
      37,
      41,
      30,
      20
    ],
    [
      14,
      21,
      0,
      25,
      38,
      5,
      31,
      7,
      36,
      43,
      29,
      7,
      6
    ],
    [
      23,
      22,
      25,
      0,
      42,
      12,
      35,
      17,
      44,
      31,
      31,
      11,
      6
    ],
    [
      32,
      36,
      38,
      42,
      0,
      22,
      37,
      16,
      46,
      37,
      29,
      13,
      14
    ],
    [
      50,
      52,
      5,
      12,
      22,
      0,
      41,
      23,
      10,
      39,
      9,
      17,
      16
    ],
    [
      21,
      24,
      31,
      35,
      37,
      41,
      0,
      26,
      21,
      19,
      10,
      25,
      12
    ],
    [
      49,
      51,
      7,
      17,
      16,
      23,
      26,
      0,
      30,
      28,
      16,
      27,
      12
    ],
    [
      30,
      36,
      36,
      44,
      46,
      10,
      21,
      30,
      0,
      25,
      22,
      10,
      20
    ],
    [
      27,
      37,
      43,
      31,
      37,
      39,
      19,
      28,
      25,
      0,
      20,
      16,
      8
    ],
    [
      35,
      41,
      29,
      31,
      29,
      9,
      10,
      16,
      22,
      20,
      0,
      10,
      10
    ],
    [
      28,
      30,
      7,
      11,
      13,
      17,
      25,
      27,
      10,
      16,
      10,
      0,
      10
    ],
    [
      18,
      20,
      6,
      6,
      14,
      16,
      12,
      12,
      20,
      8,
      10,
      10,
      0
    ]
  ],
  "distance_metric": "EXPLICIT",
  "known_opt_cost": 247.0,
  "known_opt_routes": [
    [
      1
    ],
    [
      8,
      5,
      3
    ],
    [
      9,
      12,
      10,
      6
    ],
    [
      11,
      4,
      7,
      2
    ]
  ]
}