{
  "instance_id": "P-n16-k8",
  "set_id": "P",
  "type": "CVRP",
  "dimension": 16,
  "vehicle_capacity": 35,
  "vehicle_count_hint": 8,
  "depot": {
    "id": 1,
    "x": 30.0,
    "y": 40.0,
    "demand": 0
  },
  "customers": [
    {
      "id": 2,
      "x": 37.0,
      "y": 52.0,
      "demand": 19
    },
    {
      "id": 3,
      "x": 49.0,
      "y": 49.0,
      "demand": 30
    },
    {
      "id": 4,
      "x": 52.0,
      "y": 64.0,
      "demand": 16
    },
    {
      "id": 5,
      "x": 31.0,
      "y": 62.0,
      "demand": 23
    },
    {
      "id": 6,
      "x": 52.0,
      "y": 33.0,
      "demand": 11
    },
    {
      "id": 7,
      "x": 42.0,
      "y": 41.0,
      "demand": 31
    },
    {
      "id": 8,
      "x": 52.0,
      "y": 41.0,
      "demand": 15
    },
    {
      "id": 9,
      "x": 57.0,
      "y": 58.0,
      "demand": 28
    },
    {
      "id": 10,
      "x": 62.0,
      "y": 42.0,
      "demand": 8
    },
    {
      "id": 11,
      "x": 42.0,
      "y": 57.0,
      "demand": 8
    },
    {
      "id": 12,
      "x": 27.0,
      "y": 68.0,
      "demand": 7
    },
    {
      "id": 13,
      "x": 43.0,
      "y": 67.0,
      "demand": 14
    },
    {
      "id": 14,
      "x": 58.0,
      "y": 48.0,
      "demand": 6
    },
    {
      "id": 15,
      "x": 58.0,
      "y": 27.0,
      "demand": 19
    },
    {
      "id": 16,
      "x": 37.0,
      "y": 69.0,
      "demand": 11
    }
  ],
  "node_id_order": [
    1,
    2,
    3,
    4,
    5,
    6,
    7,
    8,
    9,
    10,
    11,
    12,
    13,
    14,
    15,
    16
  ],
  "distance_matrix": [
    [
      0,
      14,
      21,
      33,
      22,
      23,
      12,
      22,
      32,
      32,
      21,
      28,
      30,
      29,
      31,
      30
    ],
    [
      14,
      0,
      12,
      19,
      12,
      24,
      12,
      19,
      21,
      27,
      7,
      19,
      16,
      21,
      33,
      17
    ],
    [
      21,
      12,
      0,
      15,
      22,
      16,
      11,
      9,
      12,
      15,
      11,
      29,
      19,
      9,
      24,
      23
    ],
    [
      33,
      19,
      15,
      0,
      21,
      31,
      25,
      23,
      8,
      24,
      12,
      25,
      9,
      17,
      37,
      16
    ],
    [
      22,
      12,
      22,
      21,
      0,
      36,
      24,
      30,
      26,
      37,
      12,
      7,
      13,
      30,
      44,
      9
    ],
    [
      23,
      24,
      16,
      31,
      36,
      0,
      13,
      8,
      25,
      13,
      26,
      43,
      35,
      16,
      8,
      39
    ],
    [
      12,
      12,
      11,
      25,
      24,
      13,
      0,
      10,
      23,
      20,
      16,
      31,
      26,
      17,
      21,
      28
    ],
    [
      22,
      19,
      9,
      23,
      30,
      8,
      10,
      0,
      18,
      10,
      19,
      37,
      28,
      9,
      15,
      32
    ],
    [
      32,
      21,
      12,
      8,
      26,
      25,
      23,
      18,
      0,
      17,
      15,
      32,
      17,
      10,
      31,
      23
    ],
    [
      32,
      27,
      15,
      24,
      37,
      13,
      20,
      10,
      17,
      0,
      25,
      44,
      31,
      7,
      16,
      37
    ],
    [
      21,
      7,
      11,
      12,
      12,
      26,
      16,
      19,
      15,
      25,
      0,
      19,
      10,
      18,
      34,
      13
    ],
    [
      28,
      19,
      29,
      25,
      7,
      43,
      31,
      37,
      32,
      44,
      19,
      0,
      16,
      37,
      51,
      10
    ],
    [
      30,
      16,
      19,
      9,
      13,
      35,
      26,
      28,
      17,
      31,
      10,
      16,
      0,
      24,
      43,
      6
    ],
    [
      29,
      21,
      9,
      17,
      30,
      16,
      17,
      9,
      10,
      7,
      18,
      37,
      24,
      0,
      21,
      30
    ],
    [
      31,
      33,
      24,
      37,
      44,
      8,
      21,
      15,
      31,
      16,
      34,
      51,
      43,
      21,
      0,
      47
    ],
    [
      30,
      17,
      23,
      16,
      9,
      39,
      28,
      32,
      23,
      37,
      13,
      10,
      6,
      30,
      47,
      0
    ]
  ],
  "distance_metric": "EUC_2D",
  "known_opt_cost": 450.0,
  "known_opt_routes": [
    [
      2
    ],
    [
      6
    ],
    [
      8
    ],
    [
      15,
      12,
      10
    ],
    [
      14,
      5
    ],
    [
      13,
      9,
      7
    ],
    [
      11,
      4
    ],
    [
      3,
      1
    ]
  ]
}